C2	85.230	36.870	57.200
C2	81.900	69.360	55.900
C2	7.540	33.710	53.320
C2	71.200	25.590	62.450
C2	62.460	42.160	57.160
C2	95.810	72.680	56.740
C2	66.800	29.590	61.210
C2	76.980	48.820	54.570
C2	10.240	30.830	56.910
C2	81.540	74.360	53.330
C2	85.980	65.900	54.660
C2	91.570	36.720	54.740
C2	84.720	22.560	56.360
C2	62.880	55.560	52.840
C2	31.180	61.860	54.480
C2	62.220	81.860	55.200
C2	90.660	29.120	56.440
C2	22.150	73.720	52.240
C2	23.360	52.830	55.070
C2	51.800	57.470	52.790
C2	10.320	18.560	55.290
C2	5.810	70.180	55.200
C2	92.950	17.660	57.890
C2	96.490	0.410	57.220
C2	68.860	33.430	58.610
C2	94.130	50.700	53.670
C2	56.390	61.540	52.200
C2	45.940	76.270	52.530
C2	9.730	56.180	53.380
C2	85.860	53.390	54.590
C2	94.160	45.340	53.630
C2	95.800	28.630	55.050
C2	6.960	47.220	52.110
C2	37.160	28.500	55.970
C2	82.110	10.220	57.990
C2	2.000	86.770	61.030
C2	92.250	60.040	54.540
C2	75.850	60.860	53.760
C2	79.000	25.530	57.820
C2	22.870	38.980	58.050
C2	62.520	21.780	59.000
C2	7.900	84.800	59.080
C2	71.750	72.370	54.490
C2	22.600	57.590	54.180
C2	42.570	67.570	56.070
C2	89.250	74.620	57.660
C2	10.620	70.210	50.620
C2	2.440	50.490	53.700
C2	18.320	47.040	56.740
C2	82.410	47.880	55.460
C2	70.770	55.270	53.870
C2	18.410	3.090	55.200
C2	38.030	56.960	53.400
C2	87.660	80.380	56.620
C2	97.100	61.820	56.580
C2	93.110	87.560	59.880
C2	45.990	0.430	54.670
C2	29.840	77.140	53.080
C2	49.830	21.180	56.200
C2	90.000	6.920	61.690
C2	75.480	6.010	55.100
C2	69.220	5.720	58.010
C2	84.680	58.510	55.390
C2	42.740	14.060	53.600
C2	20.700	30.370	55.330
C2	88.300	97.100	55.810
C2	73.900	11.140	61.960
C2	47.790	64.580	55.010
C2	17.050	26.210	55.570
C2	45.340	30.140	56.350
C2	67.470	96.050	56.400
C2	39.820	86.540	53.710
C2	88.290	87.790	57.670
C2	49.470	72.290	54.480
C2	56.740	71.170	53.400
C2	55.510	13.400	57.480
C2	70.980	64.710	55.770
C2	77.720	0.810	56.850
C2	71.620	18.600	59.650
C2	31.570	93.710	53.310
C2	23.810	85.740	55.370
C2	54.000	94.800	51.840
C2	8.350	41.430	54.990
C2	64.970	76.630	53.730
C2	18.410	80.550	56.380
C2	66.280	15.780	59.630
C2	73.690	42.530	57.350
C2	14.120	85.530	55.520
C2	6.890	9.490	56.020
C2	68.260	83.660	53.910
C2	79.560	83.130	57.320
C2	53.740	41.460	59.450
C2	25.740	42.160	56.310
C2	15.460	14.390	51.310
C2	34.720	11.350	54.340
C2	72.720	80.540	55.800
C2	71.430	90.860	54.330
C2	25.900	67.320	52.960
C2	24.180	9.970	53.350
C2	34.920	87.890	51.140
C2	30.010	31.890	53.750
C2	46.270	10.360	53.140
C2	31.300	67.060	53.300
C2	25.270	5.360	55.490
C2	52.570	16.680	54.950
C2	19.630	91.940	56.450
C2	17.340	61.220	51.170
C2	25.450	18.490	50.670
C2	61.360	7.200	57.340
C2	17.400	9.980	54.190
C2	42.020	43.310	53.190
C2	47.210	81.340	52.550
C2	48.000	90.420	53.070
C2	77.630	18.760	58.310
C2	51.600	7.330	53.460
C2	54.570	80.580	54.600
C2	11.180	94.370	58.200
C2	94.850	10.670	59.270
C2	43.900	40.260	56.070
C2	34.140	6.790	57.790
C2	52.260	33.160	60.480
C2	33.330	37.780	53.410
C2	1.780	78.720	59.450
C2	3.250	18.830	54.710
C2	60.290	34.130	57.320
C2	29.610	52.310	52.010
C2	9.460	63.830	49.570
C2	55.650	49.360	56.040
C2	61.830	49.700	56.230
C2	37.760	73.940	54.090
C2	81.380	90.950	55.440
C2	59.170	88.870	52.870
C2	56.100	24.930	56.990
C2	3.160	2.360	59.610
C2	45.030	46.990	55.790
C2	27.280	90.370	55.600
C2	65.050	69.300	51.840
C2	35.100	82.340	50.890
C2	2.220	26.150	53.130
C2	16.600	41.340	57.980
C2	37.490	50.470	54.400
C2	39.380	5.850	57.030
C2	31.900	25.020	52.450
C2	38.290	96.870	55.160
			
